2025-09-05,000001.SZ,11.7400,11.7300,11.7400,11.6300,11.7200,-0.0200,-0.170358,,12.9100,10.5700,957547462.67,81966156,0.422384,,,交易,11.6822,5.2286,0.5168,,,957547462.67,81966156,66186,0,0,0.00,0.422384,0.936968,-28.2800,-70.700000,-1.408805,0,,151.21968999,151.33403666,非涨跌停,2025-09-05,,0.000000
2025-09-05,000002.SZ,,6.5300,6.5900,6.4900,6.5900,,,,,,766112847.29,117109143,,,,,6.5419,-1.5245,0.4107,,,,,,,,,,,,,,,,,,,,,
2025-09-05,000333.SZ,,75.8100,76.6900,75.4400,76.2200,,,,,,3530971109.13,46425167,,,,,76.0573,13.3792,2.7083,,,,,,,,,,,,,,,,,,,,,
2025-09-05,000651.SZ,,41.1500,41.4000,41.0100,41.3600,,,,,,2650536771.38,64346492,,,,,41.1916,7.1370,1.7111,,,,,,,,,,,,,,,,,,,,,
2025-09-05,000776.SZ,,20.4100,20.6500,20.1800,20.5900,,,,,,1065787393.02,52240077,,,,,20.4017,13.3346,1.2594,,,,,,,,,,,,,,,,,,,,,
2025-09-05,000858.SZ,,125.4000,127.0200,124.8000,126.8100,,,,,,2537085184.54,20173355,,,,,125.7642,15.2447,3.5040,,,,,,,,,,,,,,,,,,,,,
2025-09-05,000999.SZ,,29.3400,29.4800,29.1000,29.4600,,,,,,260215887.19,8884558,,,,,29.2886,17.6624,2.3049,,,,,,,,,,,,,,,,,,,,,
2025-09-05,002142.SZ,,28.1800,28.7900,27.9500,28.7300,,,,,,1039529374.75,36534605,,,,,28.4533,6.7158,0.8625,,,,,,,,,,,,,,,,,,,,,
2025-09-05,002415.SZ,,29.3000,29.6600,28.9900,29.6200,,,,,,1637903223.45,55723637,,,,,29.3933,21.5952,3.4558,,,,,,,,,,,,,,,,,,,,,
2025-09-05,002594.SZ,,103.8600,107.5000,103.1100,107.2600,,,,,,8307907947.57,78752385,,,,,105.4940,23.2097,4.6467,,,,,,,,,,,,,,,,,,,,,
2025-09-05,300059.SZ,,26.3200,26.6900,25.9000,26.6000,,,,,,13175826630.08,500565200,,,,,26.3219,37.7988,4.9121,,,,,,,,,,,,,,,,,,,,,
2025-09-05,300750.SZ,304.0300,299.9000,325.1100,299.8200,325.1100,21.0800,6.933526,,364.8400,243.2200,22440211715.74,70819779,1.665338,,,交易,316.8636,25.3993,5.0265,,,22459961215.74,70900979,268006,11320,75,3680245.20,2.194008,8.318258,299.9700,1193.198091,5.695079,0,,1.91969188,1.91961969,非涨跌停,2025-09-05,,-17.431787
2025-09-05,600000.SH,13.7700,13.7400,13.7800,13.4700,13.6900,-0.0800,-0.580973,,15.1500,12.3900,1081534596.00,79038636,0.259074,,,交易,13.6836,8.7001,0.6135,,,1081534596.00,79038636,71838,0,0,0.00,0.361970,2.251271,3.6900,36.900000,-1.819421,0,,16.60704920,16.60083081,非涨跌停,2025-09-05,,0.000000
2025-09-05,600009.SH,,31.8000,31.9400,31.6800,31.9200,,,,,,364095573.00,11435454,,,,,31.8392,36.7193,1.8926,,,,,,,,,,,,,,,,,,,,,
2025-09-05,600016.SH,,4.4800,4.5000,4.4100,4.4700,,,,,,1042005667.00,233739857,,,,,4.4580,6.2723,0.3473,,,,,,,,,,,,,,,,,,,,,
2025-09-05,600028.SH,,5.7400,5.7700,5.6600,5.6900,,,,,,1038851891.00,182491077,,,,,5.6926,19.1034,0.8333,,,,,,,,,,,,,,,,,,,,,
2025-09-05,600030.SH,,29.5700,29.8500,29.3300,29.8300,,,,,,3946998043.00,133373060,,,,,29.5937,17.7885,1.6273,,,,,,,,,,,,,,,,,,,,,
2025-09-05,600031.SH,,20.3100,20.8500,20.2100,20.6700,,,,,,1330103072.00,64412498,,,,,20.6498,22.9906,2.3837,,,,,,,,,,,,,,,,,,,,,
2025-09-05,600036.SH,,43.0000,43.0200,42.5300,42.7600,,,,,,2449941047.00,57232838,,,,,42.8066,7.2581,1.0156,,,,,,,,,,,,,,,,,,,,,
2025-09-05,600048.SH,,7.7200,7.7500,7.6900,7.7400,,,,,,1057441297.00,136911327,,,,,7.7235,317.2316,0.4783,,,,,,,,,,,,,,,,,,,,,
2025-09-05,600050.SH,,5.4000,5.4000,5.3400,5.3900,,,,,,2196108542.00,409064435,,,,,5.3686,18.0436,0.9941,,,,,,,,,,,,,,,,,,,,,
2025-09-05,600089.SH,,14.1400,15.0900,14.1300,15.0700,,,,,,3926936651.00,265265039,,,,,14.8038,17.7645,1.1488,,,,,,,,,,,,,,,,,,,,,
2025-09-05,600104.SH,,18.7200,19.0500,18.5100,19.0200,,,,,,1117633211.00,59374346,,,,,18.8235,207.0168,0.7404,,,,,,,,,,,,,,,,,,,,,
2025-09-05,600196.SH,,29.3200,30.3500,29.0700,30.1900,,,,,,1580769688.00,53043989,,,,,29.8011,24.8287,1.7009,,,,,,,,,,,,,,,,,,,,,
2025-09-05,600276.SH,,69.0000,72.9800,69.0000,72.4700,,,,,,6663122815.00,93647856,,,,,71.1508,65.3984,8.2271,,,,,,,,,,,,,,,,,,,,,
2025-09-05,600309.SH,,64.6400,66.1200,64.5100,65.8500,,,,,,2121994078.00,32433829,,,,,65.4253,18.7718,2.0665,,,,,,,,,,,,,,,,,,,,,
2025-09-05,600340.SH,,2.1400,2.1600,2.1300,2.1500,,,,,,99360910.00,46314164,,,,,2.1454,-1.2382,-4.6236,,,,,,,,,,,,,,,,,,,,,
2025-09-05,600352.SH,,10.2300,10.2700,10.1700,10.2400,,,,,,243749549.00,23865124,,,,,10.2136,16.2040,0.9665,,,,,,,,,,,,,,,,,,,,,
2025-09-05,600519.SH,,1471.0000,1486.9700,1464.0000,1483.0000,,,,,,5519312163.00,3738848,,,,,1476.2066,20.6494,7.7819,,,,,,,,,,,,,,,,,,,,,
2025-09-05,600584.SH,,36.3100,37.3400,35.9600,37.1800,,,,,,2408140387.00,65632093,,,,,36.6915,45.5352,2.3864,,,,,,,,,,,,,,,,,,,,,
2025-09-05,600585.SH,,23.6500,23.7800,23.4500,23.7700,,,,,,606152858.00,25626884,,,,,23.6530,14.4151,0.6662,,,,,,,,,,,,,,,,,,,,,
2025-09-05,600588.SH,,14.6700,14.7800,14.2300,14.7500,,,,,,956100584.00,65851398,,,,,14.5191,-22.7863,6.6771,,,,,,,,,,,,,,,,,,,,,
2025-09-05,600600.SH,,67.7100,67.9600,67.3400,67.9300,,,,,,405834533.00,5998660,,,,,67.6542,20.1122,3.0928,,,,,,,,,,,,,,,,,,,,,
2025-09-05,600660.SH,,67.3500,69.2500,67.0300,68.4400,,,,,,1211821069.00,17789116,,,,,68.1215,20.2873,5.0100,,,,,,,,,,,,,,,,,,,,,
2025-09-05,600703.SH,,13.8800,14.8000,13.7400,14.7200,,,,,,2434837191.00,169025150,,,,,14.4052,299.7012,2.0717,,,,,,,,,,,,,,,,,,,,,
2025-09-05,600745.SH,,39.3900,41.4700,39.0000,41.4400,,,,,,1521384974.00,37611405,,,,,40.4501,-20.6325,1.5582,,,,,,,,,,,,,,,,,,,,,
2025-09-05,600795.SH,,4.9500,5.0300,4.9000,4.9800,,,,,,880068828.00,177114210,,,,,4.9689,13.0592,1.5315,,,,,,,,,,,,,,,,,,,,,
2025-09-05,600887.SH,,28.1700,28.2400,27.8200,28.1800,,,,,,1546833903.00,55154998,,,,,28.0452,21.9459,3.3442,,,,,,,,,,,,,,,,,,,,,
2025-09-05,600893.SH,,37.2400,37.6600,36.9100,37.4300,,,,,,747726123.00,20027320,,,,,37.3353,279.2153,2.5099,,,,,,,,,,,,,,,,,,,,,
2025-09-05,600900.SH,,28.1600,28.3100,28.0000,28.0700,,,,,,3006365138.00,106951308,,,,,28.1097,20.0914,3.3257,,,,,,,,,,,,,,,,,,,,,
2025-09-05,600919.SH,,10.7600,10.8200,10.6200,10.6600,,,,,,1370303910.00,128334002,,,,,10.6776,5.8657,0.7841,,,,,,,,,,,,,,,,,,,,,
2025-09-05,600999.SH,,18.1700,18.2300,17.9900,18.1900,,,,,,588702379.00,32523362,,,,,18.1009,14.6146,1.3696,,,,,,,,,,,,,,,,,,,,,
2025-09-05,601012.SH,,17.4800,18.2000,17.3000,18.1000,,,,,,6071716055.00,338285539,,,,,17.9485,-23.0284,2.3727,,,,,,,,,,,,,,,,,,,,,
2025-09-05,601066.SH,,26.7000,26.8800,26.4400,26.8800,,,,,,467582192.00,17552275,,,,,26.6394,23.4954,2.6111,,,,,,,,,,,,,,,,,,,,,
2025-09-05,601088.SH,,38.0000,38.2400,37.7900,38.1600,,,,,,968508527.00,25457068,,,,,38.0448,13.7104,1.8883,,,,,,,,,,,,,,,,,,,,,
2025-09-05,601166.SH,,21.8600,21.9000,21.6600,21.7500,,,,,,1115373251.00,51288666,,,,,21.7470,5.9548,0.6277,,,,,,,,,,,,,,,,,,,,,
2025-09-05,601318.SH,,57.5000,58.0600,57.0300,57.9000,,,,,,3207319735.00,55818427,,,,,57.4599,8.7344,1.1107,,,,,,,,,,,,,,,,,,,,,
2025-09-05,601360.SH,,10.6000,10.7500,10.4100,10.7200,,,,,,1298693300.00,122895077,,,,,10.5675,-72.5448,2.5382,,,,,,,,,,,,,,,,,,,,,
2025-09-05,601888.SH,,68.0000,70.6900,67.1100,70.4900,,,,,,3377644271.00,48645067,,,,,69.4345,40.6906,2.6420,,,,,,,,,,,,,,,,,,,,,
